10
0 5 80.751277
0 2 40.838119
0 3 34.157928
0 6 40.468479
1 8 79.530401
1 3 75.323691
1 6 39.291467
2 9 77.559261
2 0 40.838119
3 5 42.071643
3 9 12.831511
3 6 56.097090
3 5 75.516317
3 1 75.323691
3 0 34.157928
3 9 80.938769
3 4 21.262413
4 6 47.300014
4 3 21.262413
5 3 42.071643
5 0 80.751277
5 3 75.516317
5 7 50.223190
5 8 19.259838
6 3 56.097090
6 4 47.300014
6 8 57.464082
6 1 39.291467
6 0 40.468479
7 9 89.752116
7 5 50.223190
8 1 79.530401
8 6 57.464082
8 9 81.497697
8 5 19.259838
9 3 12.831511
9 2 77.559261
9 7 89.752116
9 8 81.497697
9 3 80.938769
